
power = 2495.76694833436
throughput = 8848.33
composite = 4699.29458131274
